1
2
6
9
15
24
25
28
31
33
37
40
43
55
56
65
67
73
77
81
84
86
89
90
103
114
116
129
131
135
139
143
150
152
164
167
173
174
175
176
177
178
179
180
181
182
183
184
185
186
187
189
190
191
192
197
200
204
207
208
215
216
238
264
301
323
358
359
364
371
395
399
429
433
434
442
443
448
449
450
452
462
464
467
468
469
482
487
489
490
492
494
503
510
511
525
550
555
571
572
573
612
626
662
671
703
724
727
728
729
732
733
734
737
738
742
749
750
752
759
762
767
769
771
772
775
782
783
786
806
812
830
831
832
838
840
841
846
847
849
